2003  1  1   1    46.91 0
2003  1  2   2    45.74 0
2003  1  3   3    45.90 0
2003  1  4   4    46.07 0
2003  1  5   5    46.23 0
2003  1  6   6    46.40 0
2003  1  7   7    47.10 0
2003  1  8   8    47.12 1
2003  1  9   9    46.95 0
2003  1 10  10    46.81 0
2003  1 11  11    46.84 0
2003  1 12  12    46.88 0
2003  1 13  13    46.65 0
2003  1 14  14    46.69 0
2003  1 15  15    46.73 0
2003  1 16  16    46.76 0
2003  1 17  17    48.14 0
2003  1 18  18    48.18 0
2003  1 19  19    48.22 0
2003  1 20  20    47.45 0
2003  1 21  21    47.49 0
2003  1 22  22    47.26 0
2003  1 23  23    47.29 0
2003  1 24  24    47.60 0
2003  1 25  25    45.76 0
2003  1 26  26    45.80 0
2003  1 27  27    45.84 0
2003  1 28  28    47.22 0
2003  1 29  29    46.72 1
2003  1 30  30    46.69 0
2003  1 31  31    45.87 0
2003  2  1  32    45.84 0
2003  2  2  33    45.28 0
2003  2  3  34    44.72 0
2003  2  4  35    43.54 0
2003  2  5  36    43.52 1
2003  2  6  37    43.53 0
2003  2  7  38    43.06 0
2003  2  8  39    43.07 0
2003  2  9  40    43.08 0
2003  2 10  41    43.09 0
2003  2 11  42    43.10 0
2003  2 12  43    41.91 0
2003  2 13  44    41.92 0
2003  2 14  45    41.93 0
2003  2 15  46    39.53 0
2003  2 16  47    39.54 0
2003  2 17  48    39.55 0
2003  2 18  49    39.56 0
2003  2 19  50    40.78 0
2003  2 20  51    40.79 0
2003  2 21  52    39.59 0
2003  2 22  53    38.31 0
2003  2 23  54    38.33 0
2003  2 24  55    38.34 0
2003  2 25  56    37.14 0
2003  2 26  57    37.63 0
2003  2 27  58    37.64 0
2003  2 28  59    37.65 0
2003  3  1  60    37.18 0
2003  3  2  61    37.19 0
2003  3  3  62    36.00 0
2003  3  4  63    36.01 0
2003  3  5  64    35.78 0
2003  3  6  65    35.12 0
2003  3  7  66    35.13 0
2003  3  8  67    36.05 0
2003  3  9  68    36.06 0
2003  3 10  69    35.59 0
2003  3 11  70    35.60 0
2003  3 12  71    35.39 1
2003  3 13  72    35.18 0
2003  3 14  73    34.54 0
2003  3 15  74    34.34 0
2003  3 16  75    33.48 0
2003  3 17  76    33.27 0
2003  3 18  77    32.56 0
2003  3 19  78    32.36 0
2003  3 20  79    32.65 0
2003  3 21  80    32.44 0
2003  3 22  81    32.88 0
2003  3 23  82    32.67 0
2003  3 24  83    32.47 0
2003  3 25  84    32.26 0
2003  3 26  85    33.13 1
2003  3 27  86    34.53 0
2003  3 28  87    34.87 0
2003  3 29  88    36.92 0
2003  3 30  89    38.26 0
2003  3 31  90    39.60 0
2003  4  1  91    35.11 0
2003  4  2  92    35.01 0
2003  4  3  93    35.80 0
2003  4  4  94    35.69 0
2003  4  5  95    35.58 0
2003  4  6  96    35.95 0
2003  4  7  97    36.81 0
2003  4  8  98    37.66 0
2003  4  9  99    40.69 1
2003  4 10 100    44.49 0
2003  4 11 101    47.81 0
2003  4 12 102    50.77 0
2003  4 13 103    54.53 0
2003  4 14 104    59.07 0
2003  4 15 105    61.15 0
2003  4 16 106    69.96 0
2003  4 17 107    63.74 0
2003  4 18 108    61.18 0
2003  4 19 109    60.01 0
2003  4 20 110    58.25 0
2003  4 21 111    56.50 0
2003  4 22 112    53.76 0
2003  4 23 113    54.75 0
2003  4 24 114    61.64 0
2003  4 25 115    67.82 0
2003  4 26 116    86.64 0
2003  4 27 117    80.92 0
2003  4 28 118    76.97 0
2003  4 29 119    78.73 0
2003  4 30 120    91.19 1
2003  5  1 121   103.00 0
2003  5  2 122    97.90 0
2003  5  3 123    93.07 0
2003  5  4 124    74.46 0
2003  5  5 125    68.77 0
2003  5  6 126    60.87 0
2003  5  7 127    60.30 0
2003  5  8 128    65.08 0
2003  5  9 129    75.34 0
2003  5 10 130    81.27 0
2003  5 11 131    84.09 0
2003  5 12 132    77.46 0
2003  5 13 133    73.61 0
2003  5 14 134    71.44 0
2003  5 15 135    71.86 1
2003  5 16 136    75.31 0
2003  5 17 137    90.35 0
2003  5 18 138   102.80 0
2003  5 19 139   122.90 0
2003  5 20 140   133.40 0
2003  5 21 141   153.80 0
2003  5 22 142   176.50 0
2003  5 23 143   186.10 0
2003  5 24 144   193.20 0
2003  5 25 145   209.20 0
2003  5 26 146   223.10 0
2003  5 27 147   221.20 0
2003  5 28 148   216.20 1
2003  5 29 149   212.50 0
2003  5 30 150   206.00 0
2003  5 31 151   203.30 0
2003  6  1 152   211.50 0
2003  6  2 153   223.60 0
2003  6  3 154   358.50 0
2003  6  4 155   410.50 1
2003  6  5 156   446.20 0
2003  6  6 157   463.90 0
2003  6  7 158   500.00 0
2003  6  8 159   525.70 0
2003  6  9 160   515.50 0
2003  6 10 161   452.50 0
2003  6 11 162   446.70 0
2003  6 12 163   436.70 0
2003  6 13 164   405.60 0
2003  6 14 165   415.50 0
2003  6 15 166   462.40 0
2003  6 16 167   522.50 0
2003  6 17 168   553.50 0
2003  6 18 169   606.60 1
2003  6 19 170   587.40 0
2003  6 20 171   645.20 0
2003  6 21 172   707.90 0
2003  6 22 173   749.60 0
2003  6 23 174   719.80 0
2003  6 24 175   734.20 0
2003  6 25 176   793.70 1
2003  6 26 177   897.10 0
2003  6 27 178   984.50 0
2003  6 28 179   864.50 0
2003  6 29 180   870.80 0
2003  6 30 181   879.90 0
2003  7  1 182   923.00 0
2003  7  2 183   971.80 0
2003  7  3 184  1036.00 0
2003  7  4 185  1107.00 0
2003  7  5 186  1176.00 0
2003  7  6 187  1200.00 0
2003  7  7 188  1127.00 0
2003  7  8 189  1045.00 0
2003  7  9 190   990.60 1
2003  7 10 191   971.40 0
2003  7 11 192   940.00 0
2003  7 12 193   972.50 0
2003  7 13 194   949.10 0
2003  7 14 195   982.30 0
2003  7 15 196  1026.00 0
2003  7 16 197  1131.00 1
2003  7 17 198  1081.00 0
2003  7 18 199  1048.00 0
2003  7 19 200  1165.00 0
2003  7 20 201  1324.00 0
2003  7 21 202  1414.00 0
2003  7 22 203  1472.00 0
2003  7 23 204  1621.00 1
2003  7 24 205  1603.00 0
2003  7 25 206  1476.00 0
2003  7 26 207  1415.00 0
2003  7 27 208  1339.00 0
2003  7 28 209  1273.00 0
2003  7 29 210  1240.00 0
2003  7 30 211  1166.00 1
2003  7 31 212  1161.00 0
2003  8  1 213  1157.00 0
2003  8  2 214  1221.00 0
2003  8  3 215  1294.00 0
2003  8  4 216  1189.00 0
2003  8  5 217  1025.00 0
2003  8  6 218   919.20 0
2003  8  7 219   911.20 0
2003  8  8 220   854.50 0
2003  8  9 221   849.90 0
2003  8 10 222   839.90 0
2003  8 11 223   707.40 0
2003  8 12 224   663.40 0
2003  8 13 225   675.30 1
2003  8 14 226   644.20 0
2003  8 15 227   609.30 0
2003  8 16 228   612.10 0
2003  8 17 229   703.90 0
2003  8 18 230   802.10 0
2003  8 19 231   870.90 0
2003  8 20 232   839.30 1
2003  8 21 233   695.70 0
2003  8 22 234   591.20 0
2003  8 23 235   583.40 0
2003  8 24 236   601.90 0
2003  8 25 237   651.30 0
2003  8 26 238   718.10 0
2003  8 27 239   732.80 1
2003  8 28 240   764.90 0
2003  8 29 241   770.60 0
2003  8 30 242   773.60 0
2003  8 31 243   754.10 0
2003  9  1 244   714.10 0
2003  9  2 245   727.90 0
2003  9  3 246   778.60 1
2003  9  4 247   817.20 0
2003  9  5 248   788.20 0
2003  9  6 249   760.10 0
2003  9  7 250   726.60 0
2003  9  8 251   604.70 0
2003  9  9 252   565.10 0
2003  9 10 253   533.60 1
2003  9 11 254   525.20 0
2003  9 12 255   515.20 0
2003  9 13 256   522.70 0
2003  9 14 257   536.50 0
2003  9 15 258   531.40 0
2003  9 16 259   492.50 0
2003  9 17 260   469.70 1
2003  9 18 261   515.00 0
2003  9 19 262   553.90 0
2003  9 20 263   537.30 0
2003  9 21 264   520.80 0
2003  9 22 265   529.30 0
2003  9 23 266   526.00 0
2003  9 24 267   489.10 1
2003  9 25 268   402.90 0
2003  9 26 269   345.60 0
2003  9 27 270   297.10 0
2003  9 28 271   242.40 0
2003  9 29 272   222.80 0
2003  9 30 273   204.80 0
2003 10  1 274   189.70 0
2003 10  2 275   178.20 0
2003 10  3 276   172.60 0
2003 10  4 277   167.30 0
2003 10  5 278   168.10 0
2003 10  6 279   169.40 0
2003 10  7 280   171.90 0
2003 10  8 281   166.00 1
2003 10  9 282   156.20 0
2003 10 10 283   151.70 0
2003 10 11 284   142.30 0
2003 10 12 285   133.20 0
2003 10 13 286   126.60 0
2003 10 14 287   124.80 0
2003 10 15 288   123.00 0
2003 10 16 289   125.80 0
2003 10 17 290   121.90 0
2003 10 18 291   120.10 0
2003 10 19 292   118.40 0
2003 10 20 293   116.60 0
2003 10 21 294   115.00 0
2003 10 22 295   113.20 0
2003 10 23 296   109.40 0
2003 10 24 297   110.00 0
2003 10 25 298   108.40 0
2003 10 26 299   108.80 0
2003 10 27 300   107.30 0
2003 10 28 301   107.70 0
2003 10 29 302   108.20 1
2003 10 30 303   109.90 0
2003 10 31 304   110.90 0
2003 11  1 305   112.00 0
2003 11  2 306   112.20 0
2003 11  3 307   113.20 0
2003 11  4 308   113.20 0
2003 11  5 309   110.80 0
2003 11  6 310   107.70 0
2003 11  7 311   106.60 0
2003 11  8 312   103.50 0
2003 11  9 313   102.40 0
2003 11 10 314    99.23 0
2003 11 11 315    98.18 0
2003 11 12 316    97.14 1
2003 11 13 317    95.46 0
2003 11 14 318    94.03 0
2003 11 15 319    91.60 0
2003 11 16 320    91.05 0
2003 11 17 321    89.75 0
2003 11 18 322    88.06 0
2003 11 19 323    85.63 0
2003 11 20 324    83.19 0
2003 11 21 325    82.68 0
2003 11 22 326    80.43 0
2003 11 23 327    78.17 0
2003 11 24 328    75.91 0
2003 11 25 329    75.40 0
2003 11 26 330    73.14 0
2003 11 27 331    70.96 0
2003 11 28 332    68.88 0
2003 11 29 333    68.41 0
2003 11 30 334    67.94 0
2003 12  1 335    67.47 0
2003 12  2 336    67.97 0
2003 12  3 337    66.54 1
2003 12  4 338    65.61 0
2003 12  5 339    65.01 0
2003 12  6 340    64.40 0
2003 12  7 341    64.44 0
2003 12  8 342    63.84 0
2003 12  9 343    63.88 0
2003 12 10 344    64.57 0
2003 12 11 345    64.61 0
2003 12 12 346    64.01 0
2003 12 13 347    62.65 0
2003 12 14 348    62.08 0
2003 12 15 349    61.52 0
2003 12 16 350    61.56 0
2003 12 17 351    61.01 0
2003 12 18 352    59.87 0
2003 12 19 353    58.72 0
2003 12 20 354    57.58 0
2003 12 21 355    57.62 0
2003 12 22 356    56.97 0
2003 12 23 357    57.01 0
2003 12 24 358     8.32 0
2003 12 25 359    58.20 0
2003 12 26 360    57.48 0
2003 12 27 361    56.60 0
2003 12 28 362    55.95 0
2003 12 29 363    55.24 0
2003 12 30 364    55.11 0
2003 12 31 365    56.17 0
