2002  1  1   1    44.70 0
2002  1  2   2    43.52 0
2002  1  3   3    43.53 0
2002  1  4   4    43.54 0
2002  1  5   5    43.55 0
2002  1  6   6    43.56 0
2002  1  7   7    43.58 0
2002  1  8   8    43.59 0
2002  1  9   9    43.60 1
2002  1 10  10    43.64 0
2002  1 11  11    43.69 0
2002  1 12  12    43.73 0
2002  1 13  13    44.97 0
2002  1 14  14    45.01 0
2002  1 15  15    44.58 0
2002  1 16  16    44.62 0
2002  1 17  17    44.67 0
2002  1 18  18    43.99 0
2002  1 19  19    44.04 0
2002  1 20  20    42.90 0
2002  1 21  21    42.94 0
2002  1 22  22    41.82 0
2002  1 23  23    41.86 1
2002  1 24  24    42.15 0
2002  1 25  25    42.45 0
2002  1 26  26    42.74 0
2002  1 27  27    43.04 0
2002  1 28  28    43.33 0
2002  1 29  29    43.63 0
2002  1 30  30    43.93 0
2002  1 31  31    44.22 0
2002  2  1  32    43.34 0
2002  2  2  33    42.46 0
2002  2  3  34    41.59 0
2002  2  4  35    40.73 0
2002  2  5  36    41.02 0
2002  2  6  37    41.30 0
2002  2  7  38    41.59 0
2002  2  8  39    40.73 0
2002  2  9  40    41.02 0
2002  2 10  41    41.31 0
2002  2 11  42    41.60 0
2002  2 12  43    41.89 0
2002  2 13  44    42.18 1
2002  2 14  45    42.20 0
2002  2 15  46    42.22 0
2002  2 16  47    42.25 0
2002  2 17  48    42.27 0
2002  2 18  49    42.29 0
2002  2 19  50    42.31 0
2002  2 20  51    42.34 0
2002  2 21  52    42.23 0
2002  2 22  53    41.22 0
2002  2 23  54    41.24 0
2002  2 24  55    41.27 0
2002  2 25  56    41.29 0
2002  2 26  57    41.31 0
2002  2 27  58    41.33 1
2002  2 28  59    41.37 0
2002  3  1  60    41.42 0
2002  3  2  61    41.46 0
2002  3  3  62    40.81 0
2002  3  4  63    40.85 0
2002  3  5  64    40.89 0
2002  3  6  65    42.79 0
2002  3  7  66    42.83 0
2002  3  8  67    42.87 0
2002  3  9  68    40.60 0
2002  3 10  69    40.64 0
2002  3 11  70    40.68 0
2002  3 12  71    39.59 0
2002  3 13  72    39.63 1
2002  3 14  73    39.45 0
2002  3 15  74    38.15 0
2002  3 16  75    37.97 0
2002  3 17  76    38.90 0
2002  3 18  77    38.72 0
2002  3 19  78    38.98 0
2002  3 20  79    39.47 0
2002  3 21  80    38.84 0
2002  3 22  81    36.90 0
2002  3 23  82    36.73 0
2002  3 24  83    38.74 0
2002  3 25  84    40.81 0
2002  3 26  85    42.94 0
2002  3 27  86    42.75 1
2002  3 28  87    43.24 0
2002  3 29  88    41.63 0
2002  3 30  89    40.50 0
2002  3 31  90    39.40 0
2002  4  1  91    39.42 0
2002  4  2  92    39.44 0
2002  4  3  93    39.46 0
2002  4  4  94    39.48 0
2002  4  5  95    40.64 0
2002  4  6  96    40.66 0
2002  4  7  97    41.83 0
2002  4  8  98    41.85 0
2002  4  9  99    40.72 0
2002  4 10 100    41.90 1
2002  4 11 101    44.29 0
2002  4 12 102    46.02 0
2002  4 13 103    50.04 0
2002  4 14 104    51.11 0
2002  4 15 105    51.15 0
2002  4 16 106    53.28 0
2002  4 17 107    55.99 0
2002  4 18 108    58.77 0
2002  4 19 109    61.63 0
2002  4 20 110    66.31 0
2002  4 21 111    74.59 0
2002  4 22 112    83.39 0
2002  4 23 113    86.81 0
2002  4 24 114    90.31 1
2002  4 25 115    90.26 0
2002  4 26 116    76.88 0
2002  4 27 117    70.59 0
2002  4 28 118    67.53 0
2002  4 29 119    63.10 0
2002  4 30 120    58.82 0
2002  5  1 121    59.62 0
2002  5  2 122    59.55 0
2002  5  3 123    63.81 0
2002  5  4 124    69.49 0
2002  5  5 125    79.28 0
2002  5  6 126    92.69 0
2002  5  7 127    94.26 0
2002  5  8 128    92.48 0
2002  5  9 129    99.74 0
2002  5 10 130   113.10 0
2002  5 11 131   131.10 0
2002  5 12 132   139.90 0
2002  5 13 133   158.10 0
2002  5 14 134   172.50 0
2002  5 15 135   182.30 0
2002  5 16 136   187.20 0
2002  5 17 137   205.50 0
2002  5 18 138   229.70 0
2002  5 19 139   196.90 0
2002  5 20 140   206.30 0
2002  5 21 141   215.00 0
2002  5 22 142   223.80 1
2002  5 23 143   232.70 0
2002  5 24 144   241.70 0
2002  5 25 145   252.20 0
2002  5 26 146   261.60 0
2002  5 27 147   257.60 0
2002  5 28 148   271.60 0
2002  5 29 149   284.80 1
2002  5 30 150   295.20 0
2002  5 31 151   309.00 0
2002  6  1 152   323.60 0
2002  6  2 153   366.60 0
2002  6  3 154   459.90 0
2002  6  4 155   481.50 0
2002  6  5 156   525.20 0
2002  6  6 157   522.60 0
2002  6  7 158   508.60 0
2002  6  8 159   526.10 0
2002  6  9 160   558.40 0
2002  6 10 161   571.00 0
2002  6 11 162   579.70 0
2002  6 12 163   570.40 0
2002  6 13 164   606.60 0
2002  6 14 165   663.30 0
2002  6 15 166   644.60 0
2002  6 16 167   665.30 0
2002  6 17 168   676.40 0
2002  6 18 169   575.90 0
2002  6 19 170   484.00 0
2002  6 20 171   459.80 0
2002  6 21 172   444.40 0
2002  6 22 173   487.90 0
2002  6 23 174   556.10 0
2002  6 24 175   605.00 0
2002  6 25 176   592.80 0
2002  6 26 177   597.40 1
2002  6 27 178   589.20 0
2002  6 28 179   650.10 0
2002  6 29 180   725.20 0
2002  6 30 181   680.80 0
2002  7  1 182   657.40 0
2002  7  2 183   723.60 0
2002  7  3 184   731.80 0
2002  7  4 185   804.80 0
2002  7  5 186   751.50 0
2002  7  6 187   834.10 0
2002  7  7 188   780.10 0
2002  7  8 189   741.50 0
2002  7  9 190   702.80 0
2002  7 10 191   736.40 1
2002  7 11 192   639.60 0
2002  7 12 193   591.50 0
2002  7 13 194   598.00 0
2002  7 14 195   585.20 0
2002  7 15 196   559.30 0
2002  7 16 197   596.10 0
2002  7 17 198   663.70 1
2002  7 18 199   742.50 0
2002  7 19 200   765.60 0
2002  7 20 201   837.90 0
2002  7 21 202   843.60 0
2002  7 22 203   855.60 0
2002  7 23 204   699.30 0
2002  7 24 205   607.40 1
2002  7 25 206   629.60 0
2002  7 26 207   687.60 0
2002  7 27 208   629.80 0
2002  7 28 209   622.90 0
2002  7 29 210   644.00 0
2002  7 30 211   642.50 0
2002  7 31 212   638.70 1
2002  8  1 213   586.50 0
2002  8  2 214   555.70 0
2002  8  3 215   618.90 0
2002  8  4 216   633.70 0
2002  8  5 217   772.10 0
2002  8  6 218   855.10 0
2002  8  7 219   938.60 0
2002  8  8 220  1064.00 0
2002  8  9 221  1091.00 0
2002  8 10 222  1191.00 0
2002  8 11 223  1244.00 0
2002  8 12 224  1326.00 0
2002  8 13 225  1184.00 0
2002  8 14 226  1057.00 0
2002  8 15 227   849.50 0
2002  8 16 228   735.70 0
2002  8 17 229   628.30 0
2002  8 18 230   650.30 0
2002  8 19 231   680.70 0
2002  8 20 232   698.00 0
2002  8 21 233   730.80 1
2002  8 22 234   818.00 0
2002  8 23 235   854.60 0
2002  8 24 236   927.30 0
2002  8 25 237   974.50 0
2002  8 26 238  1012.00 0
2002  8 27 239   905.80 0
2002  8 28 240   857.20 1
2002  8 29 241   888.30 0
2002  8 30 242   902.20 0
2002  8 31 243   905.20 0
2002  9  1 244   678.50 0
2002  9  2 245   645.60 0
2002  9  3 246   634.80 0
2002  9  4 247   610.60 1
2002  9  5 248   592.50 0
2002  9  6 249   585.90 0
2002  9  7 250   538.30 0
2002  9  8 251   524.90 0
2002  9  9 252   499.60 0
2002  9 10 253   490.10 0
2002  9 11 254   450.90 0
2002  9 12 255   423.60 0
2002  9 13 256   408.70 0
2002  9 14 257   394.90 0
2002  9 15 258   389.90 0
2002  9 16 259   401.40 0
2002  9 17 260   392.70 0
2002  9 18 261   387.90 0
2002  9 19 262   374.70 0
2002  9 20 263   335.80 0
2002  9 21 264   303.20 0
2002  9 22 265   319.50 0
2002  9 23 266   310.70 0
2002  9 24 267   291.60 0
2002  9 25 268   270.30 1
2002  9 26 269   242.10 0
2002  9 27 270   231.50 0
2002  9 28 271   209.60 0
2002  9 29 272   203.50 0
2002  9 30 273   190.20 0
2002 10  1 274   213.90 0
2002 10  2 275   211.60 0
2002 10  3 276   209.80 0
2002 10  4 277   207.40 0
2002 10  5 278   205.10 0
2002 10  6 279   202.80 0
2002 10  7 280   200.50 0
2002 10  8 281   198.20 0
2002 10  9 282   190.70 1
2002 10 10 283   187.60 0
2002 10 11 284   179.60 0
2002 10 12 285   176.60 0
2002 10 13 286   168.80 0
2002 10 14 287   158.80 0
2002 10 15 288   153.70 0
2002 10 16 289   150.90 0
2002 10 17 290   148.20 0
2002 10 18 291   145.50 0
2002 10 19 292   142.90 0
2002 10 20 293   140.20 0
2002 10 21 294   137.50 0
2002 10 22 295   130.70 0
2002 10 23 296   128.30 1
2002 10 24 297   126.20 0
2002 10 25 298   120.10 0
2002 10 26 299   118.20 0
2002 10 27 300   114.20 0
2002 10 28 301   116.30 0
2002 10 29 302   112.40 0
2002 10 30 303   110.50 0
2002 10 31 304   104.80 0
2002 11  1 305    93.88 0
2002 11  2 306    92.16 0
2002 11  3 307    90.46 0
2002 11  4 308    87.05 0
2002 11  5 309    85.40 0
2002 11  6 310    83.76 0
2002 11  7 311    82.14 0
2002 11  8 312    80.53 0
2002 11  9 313    78.94 0
2002 11 10 314    77.37 0
2002 11 11 315    75.82 0
2002 11 12 316    74.28 0
2002 11 13 317    72.76 1
2002 11 14 318    66.78 0
2002 11 15 319    65.38 0
2002 11 16 320    64.00 0
2002 11 17 321    64.08 0
2002 11 18 322    64.16 0
2002 11 19 323    62.80 0
2002 11 20 324    62.88 0
2002 11 21 325    62.96 0
2002 11 22 326    63.03 0
2002 11 23 327    61.68 0
2002 11 24 328    61.76 0
2002 11 25 329    60.42 0
2002 11 26 330    59.94 0
2002 11 27 331    60.02 1
2002 11 28 332    59.22 0
2002 11 29 333    59.26 0
2002 11 30 334    57.92 0
2002 12  1 335    57.96 0
2002 12  2 336    58.00 0
2002 12  3 337    58.04 0
2002 12  4 338    56.71 0
2002 12  5 339    55.40 0
2002 12  6 340    55.44 0
2002 12  7 341    54.14 0
2002 12  8 342    54.18 0
2002 12  9 343    52.90 0
2002 12 10 344    54.26 0
2002 12 11 345    54.29 0
2002 12 12 346    54.33 0
2002 12 13 347    55.71 0
2002 12 14 348    55.75 0
2002 12 15 349    54.45 0
2002 12 16 350    53.16 0
2002 12 17 351    52.68 0
2002 12 18 352    51.93 0
2002 12 19 353    51.97 0
2002 12 20 354    51.23 0
2002 12 21 355    50.76 0
2002 12 22 356    50.79 0
2002 12 23 357    50.83 0
2002 12 24 358    50.87 0
2002 12 25 359    50.39 1
2002 12 26 360    50.53 0
2002 12 27 361    50.66 0
2002 12 28 362    50.03 0
2002 12 29 363    50.17 0
2002 12 30 364    49.80 0
2002 12 31 365    49.42 0
