2004  1  1   1    55.45 0
2004  1  2   2    54.74 0
2004  1  3   3    54.02 0
2004  1  4   4    53.90 0
2004  1  5   5    53.18 0
2004  1  6   6    53.06 0
2004  1  7   7    53.52 0
2004  1  8   8    52.51 0
2004  1  9   9    52.68 0
2004  1 10  10    52.01 0
2004  1 11  11    51.90 0
2004  1 12  12    51.79 0
2004  1 13  13    52.21 0
2004  1 14  14    52.10 1
2004  1 15  15    51.81 0
2004  1 16  16    52.05 0
2004  1 17  17    51.23 0
2004  1 18  18    51.48 0
2004  1 19  19    51.19 0
2004  1 20  20    51.44 0
2004  1 21  21    51.15 0
2004  1 22  22    51.93 0
2004  1 23  23    52.18 0
2004  1 24  24    51.89 0
2004  1 25  25    50.98 0
2004  1 26  26    50.69 0
2004  1 27  27    50.40 0
2004  1 28  28    50.11 1
2004  1 29  29    49.79 0
2004  1 30  30    49.47 0
2004  1 31  31    49.15 0
2004  2  1  32    49.37 0
2004  2  2  33    48.16 0
2004  2  3  34    48.19 0
2004  2  4  35    47.78 0
2004  2  5  36    48.00 0
2004  2  6  37    48.22 0
2004  2  7  38    47.90 0
2004  2  8  39    48.11 0
2004  2  9  40    48.87 0
2004  2 10  41    48.55 0
2004  2 11  42    48.76 0
2004  2 12  43    48.17 0
2004  2 13  44    48.39 0
2004  2 14  45    48.07 0
2004  2 15  46    47.48 0
2004  2 16  47    47.70 0
2004  2 17  48    47.92 0
2004  2 18  49    48.13 1
2004  2 19  50    47.62 0
2004  2 20  51    47.65 0
2004  2 21  52    46.87 0
2004  2 22  53    46.90 0
2004  2 23  54    46.93 0
2004  2 24  55    46.96 0
2004  2 25  56    46.72 1
2004  2 26  57    46.68 0
2004  2 27  58    46.11 0
2004  2 28  59    46.08 0
2004  2 29  60    45.42 0
2004  3  1  61    45.38 0
2004  3  2  62    45.35 0
2004  3  3  63    45.31 0
2004  3  4  64    45.28 0
2004  3  5  65    44.97 0
2004  3  6  66    44.94 0
2004  3  7  67    44.64 0
2004  3  8  68    44.60 0
2004  3  9  69    45.10 0
2004  3 10  70    47.30 0
2004  3 11  71    46.73 0
2004  3 12  72    45.63 0
2004  3 13  73    46.13 0
2004  3 14  74    46.63 0
2004  3 15  75    47.13 0
2004  3 16  76    47.09 0
2004  3 17  77    48.13 1
2004  3 18  78    49.17 0
2004  3 19  79    49.14 0
2004  3 20  80    48.83 0
2004  3 21  81    48.26 0
2004  3 22  82    47.43 0
2004  3 23  83    46.85 0
2004  3 24  84    48.70 1
2004  3 25  85    48.44 0
2004  3 26  86    48.98 0
2004  3 27  87    48.72 0
2004  3 28  88    48.99 0
2004  3 29  89    49.35 0
2004  3 30  90    49.63 0
2004  3 31  91    51.51 0
2004  4  1  92    53.48 0
2004  4  2  93    56.24 0
2004  4  3  94    57.43 0
2004  4  4  95    59.21 0
2004  4  5  96    61.38 0
2004  4  6  97    70.74 0
2004  4  7  98    79.53 0
2004  4  8  99    76.97 0
2004  4  9 100    76.63 0
2004  4 10 101    74.54 0
2004  4 11 102    72.50 0
2004  4 12 103    70.57 0
2004  4 13 104    67.25 0
2004  4 14 105    61.44 1
2004  4 15 106    61.31 0
2004  4 16 107    61.47 0
2004  4 17 108    61.93 0
2004  4 18 109    62.49 0
2004  4 19 110    62.99 0
2004  4 20 111    69.40 0
2004  4 21 112    69.90 0
2004  4 22 113    70.40 0
2004  4 23 114    68.64 0
2004  4 24 115    72.36 0
2004  4 25 116    74.59 0
2004  4 26 117    78.75 0
2004  4 27 118    88.80 0
2004  4 28 119   104.60 1
2004  4 29 120   114.40 0
2004  4 30 121   126.40 0
2004  5  1 122    85.86 0
2004  5  2 123    81.31 0
2004  5  3 124    74.97 0
2004  5  4 125    70.71 0
2004  5  5 126    64.88 0
2004  5  6 127    65.59 0
2004  5  7 128    68.03 0
2004  5  8 129    73.73 0
2004  5  9 130    87.16 0
2004  5 10 131    93.79 0
2004  5 11 132   108.80 0
2004  5 12 133   131.80 0
2004  5 13 134   149.90 0
2004  5 14 135   172.10 0
2004  5 15 136   201.70 0
2004  5 16 137   226.80 0
2004  5 17 138   254.50 0
2004  5 18 139   288.80 0
2004  5 19 140   320.90 0
2004  5 20 141   337.60 0
2004  5 21 142   331.10 0
2004  5 22 143   340.20 0
2004  5 23 144   362.30 0
2004  5 24 145   344.40 0
2004  5 25 146   282.80 0
2004  5 26 147   260.30 0
2004  5 27 148   236.20 0
2004  5 28 149   227.70 0
2004  5 29 150   221.20 0
2004  5 30 151   228.80 0
2004  5 31 152   230.40 0
2004  6  1 153   167.10 0
2004  6  2 154   155.30 0
2004  6  3 155   169.80 0
2004  6  4 156   190.40 0
2004  6  5 157   213.40 0
2004  6  6 158   236.50 0
2004  6  7 159   254.30 0
2004  6  8 160   286.80 0
2004  6  9 161   313.90 0
2004  6 10 162   342.30 0
2004  6 11 163   364.10 0
2004  6 12 164   382.70 0
2004  6 13 165   440.80 0
2004  6 14 166   486.10 0
2004  6 15 167   533.50 0
2004  6 16 168   583.60 0
2004  6 17 169   636.80 0
2004  6 18 170   693.80 0
2004  6 19 171   752.40 0
2004  6 20 172   800.10 0
2004  6 21 173   720.10 0
2004  6 22 174   648.40 0
2004  6 23 175   568.30 0
2004  6 24 176   550.20 0
2004  6 25 177   452.10 0
2004  6 26 178   422.50 0
2004  6 27 179   386.60 0
2004  6 28 180   402.40 0
2004  6 29 181   422.70 0
2004  6 30 182   501.50 0
2004  7  1 183   545.40 0
2004  7  2 184   619.60 0
2004  7  3 185   651.90 0
2004  7  4 186   683.80 0
2004  7  5 187   722.60 0
2004  7  6 188   764.30 0
2004  7  7 189   807.20 0
2004  7  8 190   857.20 0
2004  7  9 191   837.10 0
2004  7 10 192   684.60 0
2004  7 11 193   650.40 0
2004  7 12 194   678.40 0
2004  7 13 195   737.90 0
2004  7 14 196   738.60 1
2004  7 15 197   768.70 0
2004  7 16 198   774.20 0
2004  7 17 199   707.40 0
2004  7 18 200   651.00 0
2004  7 19 201   548.80 0
2004  7 20 202   525.20 0
2004  7 21 203   545.50 1
2004  7 22 204   533.90 0
2004  7 23 205   508.20 0
2004  7 24 206   505.00 0
2004  7 25 207   591.80 0
2004  7 26 208   644.20 0
2004  7 27 209   764.90 0
2004  7 28 210   810.10 1
2004  7 29 211   882.30 0
2004  7 30 212   854.80 0
2004  7 31 213   812.80 0
2004  8  1 214   738.80 0
2004  8  2 215   724.40 0
2004  8  3 216   611.50 0
2004  8  4 217   492.40 0
2004  8  5 218   570.50 0
2004  8  6 219   712.60 0
2004  8  7 220   822.50 0
2004  8  8 221   882.90 0
2004  8  9 222   953.20 0
2004  8 10 223   802.50 0
2004  8 11 224   794.90 0
2004  8 12 225   691.60 0
2004  8 13 226   672.60 0
2004  8 14 227   705.20 0
2004  8 15 228   797.30 0
2004  8 16 229   889.60 0
2004  8 17 230  1029.00 0
2004  8 18 231   917.00 0
2004  8 19 232   800.50 0
2004  8 20 233   719.90 0
2004  8 21 234   701.10 0
2004  8 22 235   654.70 0
2004  8 23 236   626.20 0
2004  8 24 237   661.70 0
2004  8 25 238   686.50 1
2004  8 26 239   674.20 0
2004  8 27 240   651.00 0
2004  8 28 241   600.30 0
2004  8 29 242   652.50 0
2004  8 30 243   602.50 0
2004  8 31 244   575.00 0
2004  9  1 245   553.10 0
2004  9  2 246   508.00 0
2004  9  3 247   494.80 0
2004  9  4 248   483.90 0
2004  9  5 249   520.70 0
2004  9  6 250   525.80 0
2004  9  7 251   564.50 0
2004  9  8 252   608.50 1
2004  9  9 253   617.10 0
2004  9 10 254   633.80 0
2004  9 11 255   614.40 0
2004  9 12 256   598.90 0
2004  9 13 257   618.80 0
2004  9 14 258   628.10 0
2004  9 15 259   611.20 1
2004  9 16 260   592.80 0
2004  9 17 261   526.50 0
2004  9 18 262   453.90 0
2004  9 19 263   412.40 0
2004  9 20 264   375.20 0
2004  9 21 265   337.10 0
2004  9 22 266   293.40 0
2004  9 23 267   253.80 0
2004  9 24 268   233.50 0
2004  9 25 269   227.10 0
2004  9 26 270   226.30 0
2004  9 27 271   233.70 0
2004  9 28 272   239.30 0
2004  9 29 273   248.00 0
2004  9 30 274   239.80 0
2004 10  1 275   233.10 0
2004 10  2 276   231.80 0
2004 10  3 277   218.20 0
2004 10  4 278   211.00 0
2004 10  5 279   201.00 0
2004 10  6 280   188.00 0
2004 10  7 281   186.90 0
2004 10  8 282   183.40 0
2004 10  9 283   168.50 0
2004 10 10 284   154.60 0
2004 10 11 285   146.00 0
2004 10 12 286   137.80 0
2004 10 13 287   134.50 0
2004 10 14 288   133.50 0
2004 10 15 289   130.40 0
2004 10 16 290   124.80 0
2004 10 17 291   121.70 0
2004 10 18 292   120.90 0
2004 10 19 293   117.90 0
2004 10 20 294   114.70 0
2004 10 21 295   109.70 0
2004 10 22 296   108.80 0
2004 10 23 297   106.00 0
2004 10 24 298   107.20 0
2004 10 25 299   106.40 0
2004 10 26 300   106.90 0
2004 10 27 301   108.20 1
2004 10 28 302   105.30 0
2004 10 29 303   104.10 0
2004 10 30 304   101.80 0
2004 10 31 305    99.44 0
2004 11  1 306    96.99 0
2004 11  2 307    94.80 0
2004 11  3 308    93.37 0
2004 11  4 309    92.32 0
2004 11  5 310    90.89 0
2004 11  6 311    89.84 0
2004 11  7 312    88.41 0
2004 11  8 313    87.23 0
2004 11  9 314    86.93 0
2004 11 10 315    85.50 1
2004 11 11 316    84.72 0
2004 11 12 317    84.00 0
2004 11 13 318    82.92 0
2004 11 14 319    81.14 0
2004 11 15 320    80.06 0
2004 11 16 321    78.17 0
2004 11 17 322    78.14 0
2004 11 18 323    77.41 0
2004 11 19 324    76.69 0
2004 11 20 325    75.61 0
2004 11 21 326    75.58 0
2004 11 22 327    74.50 0
2004 11 23 328    74.47 0
2004 11 24 329    73.75 0
2004 11 25 330    72.38 0
2004 11 26 331    70.96 0
2004 11 27 332    70.93 0
2004 11 28 333    70.26 0
2004 11 29 334    69.27 0
2004 11 30 335    69.25 0
2004 12  1 336    69.22 0
2004 12  2 337    68.55 0
2004 12  3 338    66.91 0
2004 12  4 339    65.60 0
2004 12  5 340    65.57 0
2004 12  6 341    64.15 0
2004 12  7 342    63.40 0
2004 12  8 343    63.45 0
2004 12  9 344    63.43 0
2004 12 10 345    62.44 0
2004 12 11 346    62.41 0
2004 12 12 347    62.38 0
2004 12 13 348    62.36 0
2004 12 14 349    62.34 0
2004 12 15 350    61.72 1
2004 12 16 351    61.83 0
2004 12 17 352    61.93 0
2004 12 18 353    60.56 0
2004 12 19 354    60.67 0
2004 12 20 355    60.19 0
2004 12 21 356    59.70 0
2004 12 22 357    59.81 0
2004 12 23 358    58.04 0
2004 12 24 359    58.74 0
2004 12 25 360    56.78 0
2004 12 26 361    55.41 0
2004 12 27 362    55.52 0
2004 12 28 363    57.10 0
2004 12 29 364    57.79 0
2004 12 30 365    58.78 0
2004 12 31 366    58.89 1
