2001  1  1   1    49.67 0
2001  1  2   2    49.93 0
2001  1  3   3    49.73 0
2001  1  4   4    50.00 0
2001  1  5   5    50.26 0
2001  1  6   6    48.10 0
2001  1  7   7    47.66 0
2001  1  8   8    47.92 0
2001  1  9   9    48.19 0
2001  1 10  10    47.67 1
2001  1 11  11    47.86 0
2001  1 12  12    48.08 0
2001  1 13  13    47.48 0
2001  1 14  14    47.20 0
2001  1 15  15    47.17 0
2001  1 16  16    47.15 0
2001  1 17  17    46.66 0
2001  1 18  18    46.64 0
2001  1 19  19    46.15 0
2001  1 20  20    46.04 0
2001  1 21  21    46.10 0
2001  1 22  22    46.08 0
2001  1 23  23    46.06 0
2001  1 24  24    45.64 1
2001  1 25  25    45.49 0
2001  1 26  26    45.47 0
2001  1 27  27    45.45 0
2001  1 28  28    45.43 0
2001  1 29  29    44.56 0
2001  1 30  30    44.54 0
2001  1 31  31    44.52 0
2001  2  1  32    44.50 0
2001  2  2  33    44.48 0
2001  2  3  34    44.46 0
2001  2  4  35    44.02 0
2001  2  5  36    43.99 0
2001  2  6  37    43.97 0
2001  2  7  38    43.32 1
2001  2  8  39    43.37 0
2001  2  9  40    43.43 0
2001  2 10  41    42.85 0
2001  2 11  42    42.90 0
2001  2 12  43    42.53 0
2001  2 13  44    42.59 0
2001  2 14  45    42.65 0
2001  2 15  46    42.70 0
2001  2 16  47    42.76 0
2001  2 17  48    42.81 0
2001  2 18  49    42.44 0
2001  2 19  50    42.50 0
2001  2 20  51    42.56 0
2001  2 21  52    42.19 1
2001  2 22  53    42.21 0
2001  2 23  54    42.23 0
2001  2 24  55    40.91 0
2001  2 25  56    40.94 0
2001  2 26  57    40.96 0
2001  2 27  58    40.98 0
2001  2 28  59    41.01 0
2001  3  1  60    40.60 0
2001  3  2  61    40.63 0
2001  3  3  62    40.65 0
2001  3  4  63    39.83 0
2001  3  5  64    39.85 0
2001  3  6  65    39.45 0
2001  3  7  66    39.47 0
2001  3  8  67    39.07 0
2001  3  9  68    39.10 0
2001  3 10  69    39.12 0
2001  3 11  70    39.14 0
2001  3 12  71    39.17 0
2001  3 13  72    39.61 0
2001  3 14  73    39.64 1
2001  3 15  74    39.13 0
2001  3 16  75    38.62 0
2001  3 17  76    38.54 0
2001  3 18  77    38.47 0
2001  3 19  78    38.78 0
2001  3 20  79    39.55 0
2001  3 21  80    39.88 0
2001  3 22  81    39.80 0
2001  3 23  82    39.29 0
2001  3 24  83    39.20 0
2001  3 25  84    39.54 0
2001  3 26  85    40.31 0
2001  3 27  86    40.64 0
2001  3 28  87    41.05 1
2001  3 29  88    40.69 0
2001  3 30  89    41.04 0
2001  3 31  90    41.67 0
2001  4  1  91    42.86 0
2001  4  2  92    44.06 0
2001  4  3  93    46.46 0
2001  4  4  94    47.32 0
2001  4  5  95    49.58 0
2001  4  6  96    52.40 0
2001  4  7  97    58.25 0
2001  4  8  98    63.85 0
2001  4  9  99    69.83 0
2001  4 10 100    72.96 0
2001  4 11 101    71.91 1
2001  4 12 102    75.79 0
2001  4 13 103    79.88 0
2001  4 14 104    82.55 0
2001  4 15 105    90.50 0
2001  4 16 106    97.03 0
2001  4 17 107    97.81 0
2001  4 18 108    94.17 0
2001  4 19 109    85.90 0
2001  4 20 110    82.10 0
2001  4 21 111    76.83 0
2001  4 22 112    74.58 0
2001  4 23 113    75.65 0
2001  4 24 114    80.05 0
2001  4 25 115    84.09 1
2001  4 26 116    88.19 0
2001  4 27 117    85.52 0
2001  4 28 118    87.93 0
2001  4 29 119    97.55 0
2001  4 30 120   109.90 0
2001  5  1 121   126.60 0
2001  5  2 122   137.40 0
2001  5  3 123   145.20 0
2001  5  4 124   148.60 0
2001  5  5 125   159.70 0
2001  5  6 126   176.30 0
2001  5  7 127   197.00 0
2001  5  8 128   225.40 0
2001  5  9 129   214.30 1
2001  5 10 130   208.00 0
2001  5 11 131   235.90 0
2001  5 12 132   276.70 0
2001  5 13 133   313.50 0
2001  5 14 134   358.00 0
2001  5 15 135   379.20 0
2001  5 16 136   387.60 0
2001  5 17 137   369.00 0
2001  5 18 138   381.40 0
2001  5 19 139   369.80 0
2001  5 20 140   384.50 0
2001  5 21 141   427.00 0
2001  5 22 142   436.40 0
2001  5 23 143   430.70 1
2001  5 24 144   410.40 0
2001  5 25 145   406.80 0
2001  5 26 146   380.20 0
2001  5 27 147   403.70 0
2001  5 28 148   427.50 0
2001  5 29 149   452.10 0
2001  5 30 150   475.40 0
2001  5 31 151   500.30 0
2001  6  1 152   519.60 0
2001  6  2 153   558.10 0
2001  6  3 154   542.10 0
2001  6  4 155   570.30 0
2001  6  5 156   599.30 0
2001  6  6 157   611.80 0
2001  6  7 158   642.20 0
2001  6  8 159   687.90 0
2001  6  9 160   718.30 0
2001  6 10 161   776.10 0
2001  6 11 162   798.30 0
2001  6 12 163   997.00 0
2001  6 13 164  1169.00 0
2001  6 14 165  1081.00 0
2001  6 15 166  1101.00 0
2001  6 16 167  1011.00 0
2001  6 17 168   889.00 0
2001  6 18 169   762.60 0
2001  6 19 170   777.10 0
2001  6 20 171   688.30 0
2001  6 21 172   703.70 0
2001  6 22 173   698.90 0
2001  6 23 174   720.90 0
2001  6 24 175   672.40 0
2001  6 25 176   636.80 0
2001  6 26 177   635.50 0
2001  6 27 178   614.20 0
2001  6 28 179   671.30 0
2001  6 29 180   736.70 0
2001  6 30 181   920.20 0
2001  7  1 182  1214.00 0
2001  7  2 183  1367.00 0
2001  7  3 184  1429.00 0
2001  7  4 185  1577.00 0
2001  7  5 186  1433.00 0
2001  7  6 187  1294.00 0
2001  7  7 188  1441.00 0
2001  7  8 189  1515.00 0
2001  7  9 190  1629.00 0
2001  7 10 191  1497.00 0
2001  7 11 192  1557.00 0
2001  7 12 193  1579.00 0
2001  7 13 194  1532.00 0
2001  7 14 195  1546.00 0
2001  7 15 196  1534.00 0
2001  7 16 197  1489.00 0
2001  7 17 198  1003.00 0
2001  7 18 199   785.00 0
2001  7 19 200   838.40 0
2001  7 20 201  1007.00 0
2001  7 21 202  1218.00 0
2001  7 22 203  1504.00 0
2001  7 23 204  1659.00 0
2001  7 24 205  1580.00 0
2001  7 25 206  1472.00 0
2001  7 26 207  1210.00 0
2001  7 27 208   999.20 0
2001  7 28 209  1038.00 0
2001  7 29 210  1062.00 0
2001  7 30 211   889.50 0
2001  7 31 212   724.70 0
2001  8  1 213   640.80 0
2001  8  2 214   687.20 0
2001  8  3 215   793.00 0
2001  8  4 216   918.60 0
2001  8  5 217   973.30 0
2001  8  6 218  1024.00 0
2001  8  7 219  1181.00 0
2001  8  8 220  1163.00 0
2001  8  9 221  1110.00 0
2001  8 10 222  1043.00 0
2001  8 11 223  1076.00 0
2001  8 12 224  1092.00 0
2001  8 13 225  1026.00 0
2001  8 14 226  1166.00 0
2001  8 15 227  1022.00 0
2001  8 16 228  1079.00 0
2001  8 17 229  1122.00 0
2001  8 18 230  1221.00 0
2001  8 19 231  1088.00 0
2001  8 20 232  1133.00 0
2001  8 21 233  1169.00 0
2001  8 22 234  1069.00 0
2001  8 23 235  1072.00 0
2001  8 24 236   820.20 0
2001  8 25 237   958.20 0
2001  8 26 238   902.40 0
2001  8 27 239   866.60 0
2001  8 28 240   831.40 0
2001  8 29 241   835.20 1
2001  8 30 242   813.20 0
2001  8 31 243   798.30 0
2001  9  1 244   764.80 0
2001  9  2 245   816.80 0
2001  9  3 246   822.70 0
2001  9  4 247   641.30 0
2001  9  5 248   552.40 1
2001  9  6 249   509.00 0
2001  9  7 250   499.80 0
2001  9  8 251   501.00 0
2001  9  9 252   532.60 0
2001  9 10 253   530.10 0
2001  9 11 254   529.10 0
2001  9 12 255   523.40 1
2001  9 13 256   445.70 0
2001  9 14 257   379.20 0
2001  9 15 258   309.10 0
2001  9 16 259   275.20 0
2001  9 17 260   251.80 0
2001  9 18 261   227.60 0
2001  9 19 262   219.00 1
2001  9 20 263   219.20 0
2001  9 21 264   213.10 0
2001  9 22 265   191.40 0
2001  9 23 266   188.90 0
2001  9 24 267   186.80 0
2001  9 25 268   188.40 0
2001  9 26 269   190.00 1
2001  9 27 270   189.20 0
2001  9 28 271   187.70 0
2001  9 29 272   190.50 0
2001  9 30 273   193.20 0
2001 10  1 274   198.70 0
2001 10  2 275   198.10 0
2001 10  3 276   198.50 0
2001 10  4 277   197.90 0
2001 10  5 278   198.30 0
2001 10  6 279   198.30 0
2001 10  7 280   198.20 0
2001 10  8 281   195.30 0
2001 10  9 282   198.00 0
2001 10 10 283   195.10 1
2001 10 11 284   183.70 0
2001 10 12 285   162.50 0
2001 10 13 286   142.90 0
2001 10 14 287   136.00 0
2001 10 15 288   129.30 0
2001 10 16 289   129.30 0
2001 10 17 290   128.40 0
2001 10 18 291   127.10 0
2001 10 19 292   124.90 0
2001 10 20 293   124.00 0
2001 10 21 294   122.70 0
2001 10 22 295   120.60 0
2001 10 23 296   114.40 0
2001 10 24 297   110.40 1
2001 10 25 298   108.30 0
2001 10 26 299   106.30 0
2001 10 27 300   102.50 0
2001 10 28 301   100.60 0
2001 10 29 302    98.69 0
2001 10 30 303    98.67 0
2001 10 31 304    96.81 0
2001 11  1 305    94.95 0
2001 11  2 306    94.93 0
2001 11  3 307    96.75 0
2001 11  4 308    96.73 0
2001 11  5 309    92.95 0
2001 11  6 310    89.54 0
2001 11  7 311    86.13 0
2001 11  8 312    82.60 0
2001 11  9 313    79.43 0
2001 11 10 314    76.19 0
2001 11 11 315    73.06 0
2001 11 12 316    69.98 0
2001 11 13 317    68.54 0
2001 11 14 318    67.67 1
2001 11 15 319    67.05 0
2001 11 16 320    67.00 0
2001 11 17 321    64.01 0
2001 11 18 322    62.53 0
2001 11 19 323    61.17 0
2001 11 20 324    61.12 0
2001 11 21 325    61.08 0
2001 11 22 326    59.65 0
2001 11 23 327    59.61 0
2001 11 24 328    58.26 0
2001 11 25 329    56.92 0
2001 11 26 330    56.88 0
2001 11 27 331    56.84 0
2001 11 28 332    55.49 1
2001 11 29 333    55.52 0
2001 11 30 334    54.16 0
2001 12  1 335    54.19 0
2001 12  2 336    54.22 0
2001 12  3 337    53.00 0
2001 12  4 338    53.03 0
2001 12  5 339    52.58 0
2001 12  6 340    51.90 0
2001 12  7 341    51.92 0
2001 12  8 342    51.95 0
2001 12  9 343    50.79 0
2001 12 10 344    50.35 0
2001 12 11 345    50.37 0
2001 12 12 346    50.40 1
2001 12 13 347    50.47 0
2001 12 14 348    49.83 0
2001 12 15 349    49.91 0
2001 12 16 350    48.72 0
2001 12 17 351    48.80 0
2001 12 18 352    48.87 0
2001 12 19 353    48.94 0
2001 12 20 354    49.01 0
2001 12 21 355    48.62 0
2001 12 22 356    48.69 0
2001 12 23 357    48.76 0
2001 12 24 358    48.83 0
2001 12 25 359    48.20 0
2001 12 26 360    47.56 1
2001 12 27 361    47.56 0
2001 12 28 362    47.08 0
2001 12 29 363    45.89 0
2001 12 30 364    45.88 0
2001 12 31 365    44.73 0
