2009  1  1   1    64.62 0
2009  1  2   2    65.13 0
2009  1  3   3    64.28 0
2009  1  4   4    64.78 0
2009  1  5   5    63.94 0
2009  1  6   6    64.44 0
2009  1  7   7    63.59 1
2009  1  8   8    64.27 0
2009  1  9   9    63.60 0
2009  1 10  10    64.28 0
2009  1 11  11    63.61 0
2009  1 12  12    64.29 0
2009  1 13  13    63.62 0
2009  1 14  14    64.30 1
2009  1 15  15    63.50 0
2009  1 16  16    64.04 0
2009  1 17  17    63.25 0
2009  1 18  18    63.79 0
2009  1 19  19    63.00 0
2009  1 20  20    63.54 0
2009  1 21  21    62.75 1
2009  1 22  22    63.42 0
2009  1 23  23    62.77 0
2009  1 24  24    63.44 0
2009  1 25  25    62.79 0
2009  1 26  26    63.46 0
2009  1 27  27    62.80 0
2009  1 28  28    63.48 1
2009  1 29  29    62.69 0
2009  1 30  30    63.23 0
2009  1 31  31    62.44 0
2009  2  1  32    62.31 0
2009  2  2  33    62.85 0
2009  2  3  34    62.06 0
2009  2  4  35    62.60 1
2009  2  5  36    61.93 0
2009  2  6  37    62.59 0
2009  2  7  38    61.92 0
2009  2  8  39    62.58 0
2009  2  9  40    61.91 0
2009  2 10  41    62.57 0
2009  2 11  42    61.90 1
2009  2 12  43    62.48 0
2009  2 13  44    61.74 0
2009  2 14  45    62.31 0
2009  2 15  46    61.56 0
2009  2 16  47    62.14 0
2009  2 17  48    61.40 0
2009  2 18  49    61.97 1
2009  2 19  50    61.28 0
2009  2 20  51    61.90 0
2009  2 21  52    61.20 0
2009  2 22  53    61.82 0
2009  2 23  54    61.13 0
2009  2 24  55    61.75 0
2009  2 25  56    61.06 1
2009  2 26  57    61.68 0
2009  2 27  58    60.99 0
2009  2 28  59    61.61 0
2009  3  1  60    60.92 0
2009  3  2  61    61.53 0
2009  3  3  62    60.84 0
2009  3  4  63    61.46 1
2009  3  5  64    60.77 0
2009  3  6  65    61.39 0
2009  3  7  66    60.70 0
2009  3  8  67    61.31 0
2009  3  9  68    60.62 0
2009  3 10  69    61.24 0
2009  3 11  70    60.55 1
2009  3 12  71    60.95 0
2009  3 13  72    60.04 0
2009  3 14  73    60.44 0
2009  3 15  74    61.73 0
2009  3 16  75    60.86 0
2009  3 17  76    60.16 0
2009  3 18  77    59.56 1
2009  3 19  78    59.10 0
2009  3 20  79    58.76 0
2009  3 21  80    58.60 0
2009  3 22  81    59.62 0
2009  3 23  82    59.49 0
2009  3 24  83    59.26 0
2009  3 25  84    58.93 0
2009  3 26  85    58.90 0
2009  3 27  86    58.47 0
2009  3 28  87    58.10 0
2009  3 29  88    59.73 0
2009  3 30  89    60.63 0
2009  3 31  90    61.22 0
2009  4  1  91    60.57 0
2009  4  2  92    59.92 0
2009  4  3  93    59.59 0
2009  4  4  94    59.56 0
2009  4  5  95    58.92 0
2009  4  6  96    58.26 0
2009  4  7  97    59.28 0
2009  4  8  98    59.86 1
2009  4  9  99    60.84 0
2009  4 10 100    61.48 0
2009  4 11 101    62.69 0
2009  4 12 102    63.34 0
2009  4 13 103    63.26 0
2009  4 14 104    63.95 0
2009  4 15 105    62.71 1
2009  4 16 106    63.07 0
2009  4 17 107    63.43 0
2009  4 18 108    64.04 0
2009  4 19 109    65.22 0
2009  4 20 110    67.46 0
2009  4 21 111    65.59 0
2009  4 22 112    66.68 1
2009  4 23 113    65.79 0
2009  4 24 114    65.83 0
2009  4 25 115    65.69 0
2009  4 26 116    66.60 0
2009  4 27 117    68.72 0
2009  4 28 118    70.87 0
2009  4 29 119    71.93 1
2009  4 30 120    75.00 0
2009  5  1 121    77.93 0
2009  5  2 122    78.15 0
2009  5  3 123    77.32 0
2009  5  4 124    76.83 0
2009  5  5 125    76.35 0
2009  5  6 126    75.87 1
2009  5  7 127    76.08 0
2009  5  8 128    75.95 0
2009  5  9 129    76.86 0
2009  5 10 130    78.13 0
2009  5 11 131    79.05 0
2009  5 12 132    82.14 0
2009  5 13 133    84.93 1
2009  5 14 134    88.21 0
2009  5 15 135   100.20 0
2009  5 16 136   108.80 0
2009  5 17 137   116.50 0
2009  5 18 138   127.10 0
2009  5 19 139   136.80 0
2009  5 20 140   146.90 1
2009  5 21 141   157.40 0
2009  5 22 142   168.30 0
2009  5 23 143   179.60 0
2009  5 24 144   198.20 0
2009  5 25 145   206.30 0
2009  5 26 146   226.30 0
2009  5 27 147   235.00 1
2009  5 28 148   254.90 0
2009  5 29 149   296.90 0
2009  5 30 150   334.60 0
2009  5 31 151   374.70 0
2009  6  1 152   463.60 0
2009  6  2 153   477.10 0
2009  6  3 154   497.40 1
2009  6  4 155   523.50 0
2009  6  5 156   505.10 0
2009  6  6 157   489.90 0
2009  6  7 158   439.50 0
2009  6  8 159   427.20 0
2009  6  9 160   392.00 0
2009  6 10 161   387.90 1
2009  6 11 162   451.00 0
2009  6 12 163   447.90 0
2009  6 13 164   427.10 0
2009  6 14 165   441.80 0
2009  6 15 166   421.10 0
2009  6 16 167   400.10 0
2009  6 17 168   396.40 1
2009  6 18 169   399.50 0
2009  6 19 170   403.40 0
2009  6 20 171   405.70 0
2009  6 21 172   408.80 0
2009  6 22 173   413.70 0
2009  6 23 174   423.00 0
2009  6 24 175   450.20 1
2009  6 25 176   478.10 0
2009  6 26 177   526.40 0
2009  6 27 178   577.10 0
2009  6 28 179   619.60 0
2009  6 29 180   655.80 0
2009  6 30 181   722.60 0
2009  7  1 182   758.20 1
2009  7  2 183   786.00 0
2009  7  3 184   777.70 0
2009  7  4 185   767.00 0
2009  7  5 186   756.40 0
2009  7  6 187   734.10 0
2009  7  7 188   761.60 0
2009  7  8 189   787.10 1
2009  7  9 190   803.90 0
2009  7 10 191   835.90 0
2009  7 11 192   868.50 0
2009  7 12 193   831.40 0
2009  7 13 194   857.50 0
2009  7 14 195   884.10 0
2009  7 15 196   846.60 1
2009  7 16 197   822.50 0
2009  7 17 198   786.50 0
2009  7 18 199   824.40 0
2009  7 19 200   863.40 0
2009  7 20 201   903.30 0
2009  7 21 202   957.60 0
2009  7 22 203  1014.00 1
2009  7 23 204  1042.00 0
2009  7 24 205  1028.00 0
2009  7 25 206  1015.00 0
2009  7 26 207  1001.00 0
2009  7 27 208   987.70 0
2009  7 28 209  1058.00 0
2009  7 29 210  1127.00 1
2009  7 30 211  1142.00 0
2009  7 31 212  1163.00 0
2009  8  1 213  1199.00 0
2009  8  2 214  1228.00 0
2009  8  3 215  1249.00 0
2009  8  4 216  1275.00 0
2009  8  5 217  1232.00 1
2009  8  6 218  1186.00 0
2009  8  7 219  1219.00 0
2009  8  8 220  1240.00 0
2009  8  9 221  1177.00 0
2009  8 10 222  1206.00 0
2009  8 11 223  1179.00 0
2009  8 12 224  1150.00 1
2009  8 13 225  1182.00 0
2009  8 14 226  1089.00 0
2009  8 15 227  1119.00 0
2009  8 16 228  1043.00 0
2009  8 17 229  1073.00 0
2009  8 18 230  1026.00 0
2009  8 19 231   946.30 1
2009  8 20 232   925.60 0
2009  8 21 233   877.90 0
2009  8 22 234   841.90 0
2009  8 23 235   817.30 0
2009  8 24 236   794.60 0
2009  8 25 237   758.50 0
2009  8 26 238   719.40 1
2009  8 27 239   688.70 0
2009  8 28 240   688.40 0
2009  8 29 241   687.60 0
2009  8 30 242   680.30 0
2009  8 31 243   670.80 0
2009  9  1 244   661.40 0
2009  9  2 245   652.00 1
2009  9  3 246   646.30 0
2009  9  4 247   626.60 0
2009  9  5 248   604.50 0
2009  9  6 249   577.60 0
2009  9  7 250   563.00 0
2009  9  8 251   546.50 0
2009  9  9 252   535.10 1
2009  9 10 253   507.10 0
2009  9 11 254   487.10 0
2009  9 12 255   467.80 0
2009  9 13 256   443.50 0
2009  9 14 257   430.80 0
2009  9 15 258   404.90 0
2009  9 16 259   378.90 1
2009  9 17 260   358.50 0
2009  9 18 261   342.50 0
2009  9 19 262   327.90 0
2009  9 20 263   315.50 0
2009  9 21 264   309.70 0
2009  9 22 265   310.20 0
2009  9 23 266   314.80 0
2009  9 24 267   308.00 0
2009  9 25 268   311.30 0
2009  9 26 269   310.70 0
2009  9 27 270   317.50 0
2009  9 28 271   316.00 0
2009  9 29 272   315.10 0
2009  9 30 273   318.80 1
2009 10  1 274   325.90 0
2009 10  2 275   317.80 0
2009 10  3 276   309.60 0
2009 10  4 277   312.40 0
2009 10  5 278   318.90 0
2009 10  6 279   311.10 0
2009 10  7 280   304.20 1
2009 10  8 281   295.30 0
2009 10  9 282   293.70 0
2009 10 10 283   282.90 0
2009 10 11 284   275.90 0
2009 10 12 285   265.90 0
2009 10 13 286   263.30 0
2009 10 14 287   254.70 1
2009 10 15 288   250.70 0
2009 10 16 289   248.20 0
2009 10 17 290   244.20 0
2009 10 18 291   238.10 0
2009 10 19 292   234.90 0
2009 10 20 293   232.50 0
2009 10 21 294   228.60 1
2009 10 22 295   223.70 0
2009 10 23 296   233.30 0
2009 10 24 297   230.10 0
2009 10 25 298   226.50 0
2009 10 26 299   231.10 0
2009 10 27 300   230.80 0
2009 10 28 301   231.10 1
2009 10 29 302   223.70 0
2009 10 30 303   213.50 0
2009 10 31 304   197.60 0
2009 11  1 305   182.90 0
2009 11  2 306   183.30 0
2009 11  3 307   182.70 0
2009 11  4 308   184.10 1
2009 11  5 309   179.90 0
2009 11  6 310   177.60 0
2009 11  7 311   175.20 0
2009 11  8 312   172.90 0
2009 11  9 313   170.50 0
2009 11 10 314   168.20 0
2009 11 11 315   166.70 1
2009 11 12 316   166.10 0
2009 11 13 317   165.40 0
2009 11 14 318   165.50 0
2009 11 15 319   164.00 0
2009 11 16 320   163.50 0
2009 11 17 321   162.30 0
2009 11 18 322   161.90 1
2009 11 19 323   158.60 0
2009 11 20 324   156.70 0
2009 11 21 325   154.40 0
2009 11 22 326   150.60 0
2009 11 23 327   148.00 0
2009 11 24 328   145.30 0
2009 11 25 329   143.40 1
2009 11 26 330   138.70 0
2009 11 27 331   133.90 0
2009 11 28 332   130.40 0
2009 11 29 333   125.80 0
2009 11 30 334   121.70 0
2009 12  1 335   117.00 0
2009 12  2 336   113.70 1
2009 12  3 337   111.90 0
2009 12  4 338   109.80 0
2009 12  5 339   107.00 0
2009 12  6 340   105.20 0
2009 12  7 341   103.50 0
2009 12  8 342   101.70 0
2009 12  9 343   100.30 0
2009 12 10 344    98.83 0
2009 12 11 345    96.93 0
2009 12 12 346    95.18 0
2009 12 13 347    93.97 0
2009 12 14 348    91.94 0
2009 12 15 349    90.42 0
2009 12 16 350    88.23 1
2009 12 17 351    87.51 0
2009 12 18 352    86.34 0
2009 12 19 353    85.01 0
2009 12 20 354    84.14 0
2009 12 21 355    83.28 0
2009 12 22 356    81.69 0
2009 12 23 357    81.85 0
2009 12 24 358    80.40 1
2009 12 25 359    78.68 0
2009 12 26 360    76.75 0
2009 12 27 361    75.34 0
2009 12 28 362    73.87 0
2009 12 29 363    72.42 0
2009 12 30 364    69.94 0
2009 12 31 365    67.25 0
