2008  1  1   1    66.97 0
2008  1  2   2    66.95 0
2008  1  3   3    66.52 0
2008  1  4   4    66.32 0
2008  1  5   5    65.77 0
2008  1  6   6    65.23 0
2008  1  7   7    65.36 0
2008  1  8   8    64.81 0
2008  1  9   9    64.27 1
2008  1 10  10    61.73 0
2008  1 11  11    61.75 0
2008  1 12  12    61.77 0
2008  1 13  13    62.35 0
2008  1 14  14    62.37 0
2008  1 15  15    63.07 0
2008  1 16  16    63.09 0
2008  1 17  17    63.12 0
2008  1 18  18    63.37 0
2008  1 19  19    63.73 0
2008  1 20  20    63.86 0
2008  1 21  21    64.22 0
2008  1 22  22    64.25 0
2008  1 23  23    64.27 1
2008  1 24  24    64.51 0
2008  1 25  25    64.42 0
2008  1 26  26    64.33 0
2008  1 27  27    64.91 0
2008  1 28  28    64.82 0
2008  1 29  29    64.73 0
2008  1 30  30    64.64 0
2008  1 31  31    64.55 0
2008  2  1  32    65.13 0
2008  2  2  33    65.04 0
2008  2  3  34    64.94 0
2008  2  4  35    64.85 0
2008  2  5  36    64.76 0
2008  2  6  37    65.01 1
2008  2  7  38    64.98 0
2008  2  8  39    64.96 0
2008  2  9  40    64.94 0
2008  2 10  41    64.91 0
2008  2 11  42    64.89 0
2008  2 12  43    64.87 0
2008  2 13  44    65.29 0
2008  2 14  45    65.27 0
2008  2 15  46    65.24 0
2008  2 16  47    65.22 0
2008  2 17  48    65.53 0
2008  2 18  49    65.51 0
2008  2 19  50    65.49 0
2008  2 20  51    65.57 0
2008  2 21  52    65.77 0
2008  2 22  53    65.75 0
2008  2 23  54    65.73 0
2008  2 24  55    65.70 0
2008  2 25  56    65.68 0
2008  2 26  57    65.66 0
2008  2 27  58    65.89 1
2008  2 28  59    65.54 0
2008  2 29  60    65.45 0
2008  3  1  61    65.70 0
2008  3  2  62    65.61 0
2008  3  3  63    65.51 0
2008  3  4  64    65.42 0
2008  3  5  65    65.33 0
2008  3  6  66    65.58 0
2008  3  7  67    65.49 0
2008  3  8  68    65.40 0
2008  3  9  69    67.51 0
2008  3 10  70    67.23 0
2008  3 11  71    67.14 0
2008  3 12  72    67.38 1
2008  3 13  73    67.70 0
2008  3 14  74    68.35 0
2008  3 15  75    68.67 0
2008  3 16  76    68.99 0
2008  3 17  77    69.64 0
2008  3 18  78    70.54 0
2008  3 19  79    70.72 0
2008  3 20  80    71.41 0
2008  3 21  81    72.03 0
2008  3 22  82    72.35 0
2008  3 23  83    72.33 0
2008  3 24  84    70.63 0
2008  3 25  85    68.82 0
2008  3 26  86    68.80 1
2008  3 27  87    69.43 0
2008  3 28  88    69.32 0
2008  3 29  89    69.36 0
2008  3 30  90    69.28 0
2008  3 31  91    70.22 0
2008  4  1  92    70.85 0
2008  4  2  93    71.22 0
2008  4  3  94    71.33 0
2008  4  4  95    72.38 0
2008  4  5  96    73.40 0
2008  4  6  97    74.28 0
2008  4  7  98    75.22 0
2008  4  8  99    75.44 0
2008  4  9 100    75.03 1
2008  4 10 101    76.05 0
2008  4 11 102    76.44 0
2008  4 12 103    78.10 0
2008  4 13 104    78.45 0
2008  4 14 105    80.25 0
2008  4 15 106    81.50 0
2008  4 16 107    82.15 0
2008  4 17 108    83.66 0
2008  4 18 109    84.80 0
2008  4 19 110    83.99 0
2008  4 20 111    85.86 0
2008  4 21 112    86.24 0
2008  4 22 113    87.35 0
2008  4 23 114    88.76 0
2008  4 24 115    89.69 0
2008  4 25 116    91.31 0
2008  4 26 117    93.99 0
2008  4 27 118    95.66 0
2008  4 28 119    99.98 0
2008  4 29 120   101.70 0
2008  4 30 121   107.50 1
2008  5  1 122   110.40 0
2008  5  2 123   113.70 0
2008  5  3 124   116.70 0
2008  5  4 125   120.00 0
2008  5  5 126   123.30 0
2008  5  6 127   126.30 0
2008  5  7 128   129.70 1
2008  5  8 129   132.30 0
2008  5  9 130   135.30 0
2008  5 10 131   138.40 0
2008  5 11 132   141.40 0
2008  5 12 133   144.90 0
2008  5 13 134   148.10 0
2008  5 14 135   154.40 1
2008  5 15 136   157.20 0
2008  5 16 137   162.20 0
2008  5 17 138   164.90 0
2008  5 18 139   167.90 0
2008  5 19 140   183.50 0
2008  5 20 141   188.40 0
2008  5 21 142   212.70 1
2008  5 22 143   217.20 0
2008  5 23 144   370.70 0
2008  5 24 145   441.70 0
2008  5 25 146   439.30 0
2008  5 26 147   361.50 0
2008  5 27 148   356.60 0
2008  5 28 149   215.60 1
2008  5 29 150   364.30 0
2008  5 30 151   371.60 0
2008  5 31 152   379.20 0
2008  6  1 153   394.30 0
2008  6  2 154   473.40 0
2008  6  3 155   471.70 0
2008  6  4 156   527.30 1
2008  6  5 157   570.80 0
2008  6  6 158   639.80 0
2008  6  7 159   687.40 0
2008  6  8 160   735.20 0
2008  6  9 161   761.70 0
2008  6 10 162   783.80 0
2008  6 11 163   869.00 1
2008  6 12 164   932.10 0
2008  6 13 165  1012.00 0
2008  6 14 166  1018.00 0
2008  6 15 167  1027.00 0
2008  6 16 168  1127.00 0
2008  6 17 169  1212.00 0
2008  6 18 170  1129.00 1
2008  6 19 171  1026.00 0
2008  6 20 172  1009.00 0
2008  6 21 173   937.50 0
2008  6 22 174   894.20 0
2008  6 23 175   970.60 0
2008  6 24 176   998.30 0
2008  6 25 177  1051.00 1
2008  6 26 178  1113.00 0
2008  6 27 179  1236.00 0
2008  6 28 180  1255.00 0
2008  6 29 181  1109.00 0
2008  6 30 182  1051.00 0
2008  7  1 183  1070.00 0
2008  7  2 184   974.20 0
2008  7  3 185   858.40 0
2008  7  4 186   980.70 0
2008  7  5 187  1054.00 0
2008  7  6 188  1191.00 0
2008  7  7 189  1244.00 0
2008  7  8 190  1305.00 0
2008  7  9 191  1123.00 1
2008  7 10 192  1108.00 0
2008  7 11 193  1253.00 0
2008  7 12 194  1468.00 0
2008  7 13 195  1432.00 0
2008  7 14 196  1414.00 0
2008  7 15 197  1298.00 0
2008  7 16 198  1128.00 1
2008  7 17 199  1253.00 0
2008  7 18 200  1416.00 0
2008  7 19 201  1340.00 0
2008  7 20 202  1308.00 0
2008  7 21 203  1119.00 0
2008  7 22 204   945.80 0
2008  7 23 205   828.50 1
2008  7 24 206   872.00 0
2008  7 25 207   812.10 0
2008  7 26 208   798.20 0
2008  7 27 209   779.10 0
2008  7 28 210   806.10 0
2008  7 29 211   863.20 0
2008  7 30 212  1013.00 1
2008  7 31 213  1034.00 0
2008  8  1 214  1190.00 0
2008  8  2 215  1239.00 0
2008  8  3 216  1383.00 0
2008  8  4 217  1397.00 0
2008  8  5 218  1490.00 0
2008  8  6 219  1269.00 1
2008  8  7 220  1139.00 0
2008  8  8 221  1182.00 0
2008  8  9 222  1173.00 0
2008  8 10 223  1150.00 0
2008  8 11 224  1216.00 0
2008  8 12 225  1077.00 0
2008  8 13 226  1069.00 1
2008  8 14 227  1087.00 0
2008  8 15 228   999.10 0
2008  8 16 229   985.70 0
2008  8 17 230   974.70 0
2008  8 18 231   961.80 0
2008  8 19 232   833.40 0
2008  8 20 233   812.10 1
2008  8 21 234   755.40 0
2008  8 22 235   794.30 0
2008  8 23 236   747.50 0
2008  8 24 237   669.80 0
2008  8 25 238   732.10 0
2008  8 26 239   719.30 0
2008  8 27 240   698.10 1
2008  8 28 241   561.20 0
2008  8 29 242   473.20 0
2008  8 30 243   444.30 0
2008  8 31 244   426.70 0
2008  9  1 245   477.50 0
2008  9  2 246   535.20 0
2008  9  3 247   562.70 1
2008  9  4 248   575.80 0
2008  9  5 249   538.10 0
2008  9  6 250   481.50 0
2008  9  7 251   447.80 0
2008  9  8 252   440.30 0
2008  9  9 253   430.50 0
2008  9 10 254   407.90 1
2008  9 11 255   398.50 0
2008  9 12 256   388.00 0
2008  9 13 257   374.40 0
2008  9 14 258   365.40 0
2008  9 15 259   373.70 0
2008  9 16 260   363.80 0
2008  9 17 261   348.70 1
2008  9 18 262   345.50 0
2008  9 19 263   361.90 0
2008  9 20 264   356.20 0
2008  9 21 265   400.50 0
2008  9 22 266   396.80 0
2008  9 23 267   391.30 0
2008  9 24 268   387.20 1
2008  9 25 269   417.40 0
2008  9 26 270   404.50 0
2008  9 27 271   396.10 0
2008  9 28 272   366.80 0
2008  9 29 273   360.30 0
2008  9 30 274   350.20 0
2008 10  1 275   199.60 0
2008 10  2 276   153.70 0
2008 10  3 277   151.00 0
2008 10  4 278   148.10 0
2008 10  5 279   142.80 0
2008 10  6 280   139.40 0
2008 10  7 281   136.30 0
2008 10  8 282   132.60 1
2008 10  9 283   130.10 0
2008 10 10 284   126.60 0
2008 10 11 285   125.30 0
2008 10 12 286   123.20 0
2008 10 13 287   122.00 0
2008 10 14 288   119.90 0
2008 10 15 289   120.30 1
2008 10 16 290   120.30 0
2008 10 17 291   118.90 0
2008 10 18 292   118.00 0
2008 10 19 293   118.00 0
2008 10 20 294   115.30 0
2008 10 21 295   115.10 0
2008 10 22 296   113.30 1
2008 10 23 297   112.20 0
2008 10 24 298   118.10 0
2008 10 25 299   120.40 0
2008 10 26 300   118.80 0
2008 10 27 301   113.40 0
2008 10 28 302   111.40 0
2008 10 29 303   110.00 1
2008 10 30 304   108.20 0
2008 10 31 305   114.90 0
2008 11  1 306   121.30 0
2008 11  2 307   120.00 0
2008 11  3 308   126.20 0
2008 11  4 309   123.50 0
2008 11  5 310   115.80 1
2008 11  6 311   114.90 0
2008 11  7 312   119.70 0
2008 11  8 313   119.40 0
2008 11  9 314   118.70 0
2008 11 10 315   117.50 0
2008 11 11 316   116.30 0
2008 11 12 317   110.00 1
2008 11 13 318   109.50 0
2008 11 14 319   110.00 0
2008 11 15 320   110.00 0
2008 11 16 321   108.30 0
2008 11 17 322   107.30 0
2008 11 18 323   106.20 0
2008 11 19 324    99.25 1
2008 11 20 325    99.31 0
2008 11 21 326    96.72 0
2008 11 22 327    92.43 0
2008 11 23 328    92.11 0
2008 11 24 329    92.04 0
2008 11 25 330    92.93 0
2008 11 26 331    93.43 1
2008 11 27 332    90.29 0
2008 11 28 333    88.71 0
2008 11 29 334    85.70 0
2008 11 30 335    82.99 0
2008 12  1 336    95.30 0
2008 12  2 337    93.12 0
2008 12  3 338    90.93 0
2008 12  4 339    89.36 0
2008 12  5 340    88.00 0
2008 12  6 341    85.90 0
2008 12  7 342    84.05 0
2008 12  8 343    82.18 0
2008 12  9 344    80.53 0
2008 12 10 345    78.81 1
2008 12 11 346    78.63 0
2008 12 12 347    78.11 0
2008 12 13 348    77.97 0
2008 12 14 349    77.72 0
2008 12 15 350    77.23 0
2008 12 16 351    77.32 0
2008 12 17 352    77.29 1
2008 12 18 353    77.40 0
2008 12 19 354    76.88 0
2008 12 20 355    75.94 0
2008 12 21 356    75.38 0
2008 12 22 357    75.15 0
2008 12 23 358    75.11 0
2008 12 24 359    74.92 1
2008 12 25 360    73.39 0
2008 12 26 361    71.70 0
2008 12 27 362    70.26 0
2008 12 28 363    68.82 0
2008 12 29 364    67.72 0
2008 12 30 365    66.28 0
2008 12 31 366    64.80 1
