2010  1  1   1    66.46 0
2010  1  2   2    66.05 0
2010  1  3   3    66.20 0
2010  1  4   4    66.40 0
2010  1  5   5    32.84 0
2010  1  6   6    31.93 0
2010  1  7   7    31.92 0
2010  1  8   8    32.10 0
2010  1  9   9    32.27 1
2010  1 10  10    31.93 0
2010  1 11  11    31.42 0
2010  1 12  12    33.12 0
2010  1 13  13    32.72 1
2010  1 14  14    32.76 0
2010  1 15  15    32.37 0
2010  1 16  16    30.10 0
2010  1 17  17    29.51 0
2010  1 18  18    28.77 0
2010  1 19  19    29.67 0
2010  1 20  20    29.81 1
2010  1 21  21    25.38 0
2010  1 22  22    22.98 0
2010  1 23  23    23.13 0
2010  1 24  24    23.17 0
2010  1 25  25    23.19 0
2010  1 26  26    22.03 0
2010  1 27  27    22.24 1
2010  1 28  28    24.60 0
2010  1 29  29    22.51 0
2010  1 30  30    22.28 0
2010  1 31  31    28.00 0
2010  2  1  32    30.30 0
2010  2  2  33    29.27 0
2010  2  3  34    28.36 1
2010  2  4  35    27.54 0
2010  2  5  36    26.37 0
2010  2  6  37    27.02 0
2010  2  7  38    27.30 0
2010  2  8  39    26.58 0
2010  2  9  40    26.36 0
2010  2 10  41    26.54 1
2010  2 11  42    25.75 0
2010  2 12  43    25.66 0
2010  2 13  44    25.22 0
2010  2 14  45    25.34 0
2010  2 15  46    25.60 0
2010  2 16  47    24.59 0
2010  2 17  48    23.91 1
2010  2 18  49    24.07 0
2010  2 19  50    23.92 0
2010  2 20  51    23.47 0
2010  2 21  52    23.25 0
2010  2 22  53    23.38 0
2010  2 23  54    23.24 0
2010  2 24  55    23.54 1
2010  2 25  56    23.41 0
2010  2 26  57    23.07 0
2010  2 27  58    23.03 0
2010  2 28  59    23.81 0
2010  3  1  60    24.10 0
2010  3  2  61    24.22 0
2010  3  3  62    23.42 0
2010  3  4  63    22.89 0
2010  3  5  64    22.79 0
2010  3  6  65    21.99 0
2010  3  7  66    21.95 0
2010  3  8  67    22.01 0
2010  3  9  68    22.12 0
2010  3 10  69    21.92 1
2010  3 11  70    21.09 0
2010  3 12  71    19.51 0
2010  3 13  72    18.86 0
2010  3 14  73    21.73 0
2010  3 15  74    23.49 0
2010  3 16  75    24.13 0
2010  3 17  76    22.46 1
2010  3 18  77    24.39 0
2010  3 19  78    24.47 0
2010  3 20  79    24.16 0
2010  3 21  80    24.31 0
2010  3 22  81    23.52 0
2010  3 23  82    23.53 0
2010  3 24  83    22.27 1
2010  3 25  84    22.79 0
2010  3 26  85    23.86 0
2010  3 27  86    25.42 0
2010  3 28  87    25.79 0
2010  3 29  88    25.75 0
2010  3 30  89    26.79 0
2010  3 31  90    27.81 0
2010  4  1  91    28.90 0
2010  4  2  92    30.50 0
2010  4  3  93    31.16 0
2010  4  4  94    30.72 0
2010  4  5  95    28.30 0
2010  4  6  96    29.25 0
2010  4  7  97    30.07 1
2010  4  8  98    31.05 0
2010  4  9  99    31.77 0
2010  4 10 100    32.10 0
2010  4 11 101    32.31 0
2010  4 12 102    32.58 0
2010  4 13 103    35.56 0
2010  4 14 104    38.04 1
2010  4 15 105    39.44 0
2010  4 16 106    40.87 0
2010  4 17 107    44.56 0
2010  4 18 108    47.22 0
2010  4 19 109    49.04 0
2010  4 20 110    51.61 0
2010  4 21 111    58.58 1
2010  4 22 112    69.95 0
2010  4 23 113    64.63 0
2010  4 24 114    67.95 0
2010  4 25 115    64.62 0
2010  4 26 116    61.31 0
2010  4 27 117    63.77 0
2010  4 28 118    67.56 1
2010  4 29 119    78.32 0
2010  4 30 120    81.53 0
2010  5  1 121    66.86 0
2010  5  2 122    65.76 0
2010  5  3 123    63.14 0
2010  5  4 124    62.35 1
2010  5  5 125    62.22 0
2010  5  6 126    64.33 0
2010  5  7 127    64.77 0
2010  5  8 128    65.79 0
2010  5  9 129    65.68 0
2010  5 10 130    64.96 0
2010  5 11 131    66.13 0
2010  5 12 132    66.15 1
2010  5 13 133    71.79 0
2010  5 14 134    80.99 0
2010  5 15 135    87.01 0
2010  5 16 136    93.85 0
2010  5 17 137   101.30 0
2010  5 18 138   127.60 0
2010  5 19 139   135.90 0
2010  5 20 140   111.60 1
2010  5 21 141   112.40 0
2010  5 22 142   114.90 0
2010  5 23 143   115.30 0
2010  5 24 144   115.30 0
2010  5 25 145   125.10 0
2010  5 26 146   131.40 1
2010  5 27 147   151.00 0
2010  5 28 148   154.70 0
2010  5 29 149   158.50 0
2010  5 30 150   163.00 0
2010  5 31 151   167.50 0
2010  6  1 152   172.10 1
2010  6  2 153   181.80 0
2010  6  3 154   191.90 0
2010  6  4 155   195.80 0
2010  6  5 156   199.80 0
2010  6  6 157   203.80 1
2010  6  7 158   181.70 0
2010  6  8 159   170.70 0
2010  6  9 160   185.40 1
2010  6 10 161   137.90 0
2010  6 11 162   235.60 0
2010  6 12 163   306.30 0
2010  6 13 164   346.40 1
2010  6 14 165   364.90 0
2010  6 15 166   357.80 0
2010  6 16 167   328.40 1
2010  6 17 168   283.70 0
2010  6 18 169   317.70 0
2010  6 19 170   392.70 0
2010  6 20 171   503.40 1
2010  6 21 172   618.70 0
2010  6 22 173   702.80 0
2010  6 23 174   787.10 1
2010  6 24 175   783.50 0
2010  6 25 176   809.80 0
2010  6 26 177   792.40 0
2010  6 27 178   775.60 0
2010  6 28 179   745.60 0
2010  6 29 180   760.30 0
2010  6 30 181   798.40 1
2010  7  1 182   709.50 0
2010  7  2 183   652.80 0
2010  7  3 184   626.80 0
2010  7  4 185   672.70 1
2010  7  5 186   681.80 0
2010  7  6 187   645.00 0
2010  7  7 188   638.10 1
2010  7  8 189   784.90 0
2010  7  9 190   786.40 0
2010  7 10 191  1003.00 0
2010  7 11 192   868.10 1
2010  7 12 193   902.40 0
2010  7 13 194   922.00 0
2010  7 14 195   969.00 1
2010  7 15 196   968.50 0
2010  7 16 197   951.40 0
2010  7 17 198  1091.00 0
2010  7 18 199  1228.00 1
2010  7 19 200  1347.00 0
2010  7 20 201  1359.00 0
2010  7 21 202  1329.00 1
2010  7 22 203  1154.00 0
2010  7 23 204  1119.00 0
2010  7 24 205   945.00 0
2010  7 25 206   978.10 1
2010  7 26 207   954.20 0
2010  7 27 208  1081.00 0
2010  7 28 209  1233.00 1
2010  7 29 210  1318.00 0
2010  7 30 211  1389.00 0
2010  7 31 212  1421.00 0
2010  8  1 213  1210.00 1
2010  8  2 214  1158.00 0
2010  8  3 215  1119.00 0
2010  8  4 216   857.90 1
2010  8  5 217   718.20 0
2010  8  6 218  1046.00 0
2010  8  7 219  1350.00 0
2010  8  8 220  1668.00 1
2010  8  9 221  1928.00 0
2010  8 10 222  1914.00 0
2010  8 11 223  1728.00 1
2010  8 12 224  1682.00 0
2010  8 13 225  1618.00 0
2010  8 14 226  1552.00 0
2010  8 15 227  1514.00 1
2010  8 16 228  1465.00 0
2010  8 17 229  1401.00 0
2010  8 18 230  1392.00 1
2010  8 19 231  1339.00 0
2010  8 20 232  1305.00 0
2010  8 21 233  1194.00 0
2010  8 22 234  1221.00 1
2010  8 23 235  1113.00 0
2010  8 24 236  1110.00 0
2010  8 25 237  1069.00 0
2010  8 26 238   928.40 0
2010  8 27 239   841.10 0
2010  8 28 240   767.10 0
2010  8 29 241   739.70 1
2010  8 30 242   705.90 0
2010  8 31 243   733.90 0
2010  9  1 244   791.10 1
2010  9  2 245   754.00 0
2010  9  3 246   723.20 0
2010  9  4 247   686.00 0
2010  9  5 248   653.10 1
2010  9  6 249   639.80 0
2010  9  7 250   620.70 0
2010  9  8 251   622.90 1
2010  9  9 252   607.70 0
2010  9 10 253   588.00 0
2010  9 11 254   584.00 0
2010  9 12 255   581.20 0
2010  9 13 256   551.20 0
2010  9 14 257   529.70 0
2010  9 15 258   518.80 1
2010  9 16 259   517.40 0
2010  9 17 260   506.10 0
2010  9 18 261   448.40 0
2010  9 19 262   405.00 1
2010  9 20 263   372.40 0
2010  9 21 264   355.50 0
2010  9 22 265   339.30 1
2010  9 23 266   318.70 0
2010  9 24 267   298.60 0
2010  9 25 268   278.70 0
2010  9 26 269   260.30 1
2010  9 27 270   243.50 0
2010  9 28 271   227.50 0
2010  9 29 272   212.60 1
2010  9 30 273   211.30 0
2010 10  1 274   210.00 0
2010 10  2 275   208.70 0
2010 10  3 276   207.40 0
2010 10  4 277   205.60 0
2010 10  5 278   204.30 0
2010 10  6 279   203.00 1
2010 10  7 280   200.50 0
2010 10  8 281   197.40 0
2010 10  9 282   194.90 0
2010 10 10 283   191.90 0
2010 10 11 284   189.40 0
2010 10 12 285   187.00 0
2010 10 13 286   184.60 1
2010 10 14 287   180.80 0
2010 10 15 288   177.60 0
2010 10 16 289   173.90 0
2010 10 17 290   170.30 0
2010 10 18 291   166.70 0
2010 10 19 292   163.20 0
2010 10 20 293   159.50 1
2010 10 21 294   155.90 0
2010 10 22 295   152.20 0
2010 10 23 296   148.50 0
2010 10 24 297   144.40 0
2010 10 25 298   140.40 0
2010 10 26 299   136.10 0
2010 10 27 300   132.20 1
2010 10 28 301   126.30 0
2010 10 29 302   120.60 0
2010 10 30 303   116.00 0
2010 10 31 304   120.20 0
2010 11  1 305   122.70 0
2010 11  2 306   126.90 0
2010 11  3 307   130.50 1
2010 11  4 308   129.30 0
2010 11  5 309   128.60 0
2010 11  6 310   127.80 0
2010 11  7 311   124.90 0
2010 11  8 312   122.00 0
2010 11  9 313   119.30 0
2010 11 10 314   116.20 1
2010 11 11 315   115.80 0
2010 11 12 316   115.20 0
2010 11 13 317   114.60 0
2010 11 14 318   114.50 0
2010 11 15 319   113.90 0
2010 11 16 320   113.70 0
2010 11 17 321   113.10 0
2010 11 18 322   112.60 0
2010 11 19 323   112.00 0
2010 11 20 324   111.80 0
2010 11 21 325   111.40 1
2010 11 22 326   109.50 0
2010 11 23 327   107.30 0
2010 11 24 328   105.40 0
2010 11 25 329   103.40 0
2010 11 26 330   101.10 0
2010 11 27 331    98.68 0
2010 11 28 332    95.46 1
2010 11 29 333    93.21 0
2010 11 30 334    89.76 0
2010 12  1 335    91.01 0
2010 12  2 336    87.20 0
2010 12  3 337    83.66 0
2010 12  4 338    80.74 0
2010 12  5 339    78.90 0
2010 12  6 340    78.11 0
2010 12  7 341    78.34 0
2010 12  8 342    76.44 1
2010 12  9 343    75.54 0
2010 12 10 344    72.10 0
2010 12 11 345    69.71 0
2010 12 12 346    68.48 0
2010 12 13 347    67.83 0
2010 12 14 348    66.72 0
2010 12 15 349    70.02 1
2010 12 16 350    69.20 0
2010 12 17 351    68.76 0
2010 12 18 352    65.50 0
2010 12 19 353    64.84 1
2010 12 20 354    66.11 0
2010 12 21 355    65.18 0
2010 12 22 356    64.25 0
2010 12 23 357    63.34 0
2010 12 24 358    62.43 0
2010 12 25 359    61.79 0
2010 12 26 360    61.43 1
2010 12 27 361    53.52 0
2010 12 28 362    51.88 0
2010 12 29 363    52.97 0
2010 12 30 364    47.54 0
2010 12 31 365    44.06 0
